24,35
28,3
28,2
28,1
28,0
0,384
0,319
0,318
27,4
27,3
27,2
27,1
27,0
0,317
0,316
26,4
26,3
26,2
0,283
0,243
26,1
26,0
25,3
25,2
0,9
25,1
25,0
10,197
10,19
10,153
10,211
10,173
10,135
10,177
10,123
11,7
11,17
11,16
11,18
9,7
9,5
8,14
8,7
8,13
8,8
8,10
20,2
20,1
20,3
19,2
19,1
19,3
12,3
12,2
12,1
11,28
11,27
11,26
11,25
11,24
11,23
11,22
11,21
11,20
11,19
11,13
11,12
11,11
11,10
11,3
11,2
11,1
10,303
10,302
10,301
10,300
10,299
10,298
10,297
10,296
10,295
10,294
10,293
10,292
10,291
10,290
10,289
18,1
